widths = [0.1, 0.2, 0.3, 0.4, 0.5, 0.6, 0.7, 0.8, 0.9, 1];
x_0 = 2;
y_0 = 0;
main(702, 1, 0.5, widths, x_0, y_0, 20);
